{
 "cells": [
  {
   "cell_type": "code",
   "execution_count": 1,
   "metadata": {},
   "outputs": [],
   "source": [
    "import os\n",
    "import sys\n",
    "from pathlib import Path\n",
    "\n",
    "SRC_PATH = Path(__name__).resolve().parents[1]\n",
    "\n",
    "sys.path.append(str(SRC_PATH))\n",
    "\n",
    "import pandas as pd\n",
    "import numpy as np\n",
    "import seaborn as sns\n",
    "import matplotlib.pyplot as plt\n",
    "\n",
    "from sklearn.metrics import confusion_matrix\n",
    "from sklearn.metrics import f1_score, accuracy_score, recall_score, precision_score\n"
   ]
  },
  {
   "cell_type": "code",
   "execution_count": 2,
   "metadata": {},
   "outputs": [],
   "source": [
    "normal = pd.read_csv(\"../data/normal.csv\")\n",
    "abnormal = pd.read_csv(\"../data/abnormal.csv\")"
   ]
  },
  {
   "cell_type": "code",
   "execution_count": 3,
   "metadata": {},
   "outputs": [
    {
     "data": {
      "text/html": [
       "<div>\n",
       "<style scoped>\n",
       "    .dataframe tbody tr th:only-of-type {\n",
       "        vertical-align: middle;\n",
       "    }\n",
       "\n",
       "    .dataframe tbody tr th {\n",
       "        vertical-align: top;\n",
       "    }\n",
       "\n",
       "    .dataframe thead th {\n",
       "        text-align: right;\n",
       "    }\n",
       "</style>\n",
       "<table border=\"1\" class=\"dataframe\">\n",
       "  <thead>\n",
       "    <tr style=\"text-align: right;\">\n",
       "      <th></th>\n",
       "      <th>frequency</th>\n",
       "      <th>voltage</th>\n",
       "      <th>current</th>\n",
       "      <th>phase_angle</th>\n",
       "      <th>label</th>\n",
       "    </tr>\n",
       "  </thead>\n",
       "  <tbody>\n",
       "    <tr>\n",
       "      <th>count</th>\n",
       "      <td>12000.000000</td>\n",
       "      <td>12000.000000</td>\n",
       "      <td>12000.000000</td>\n",
       "      <td>12000.000000</td>\n",
       "      <td>12000.0</td>\n",
       "    </tr>\n",
       "    <tr>\n",
       "      <th>mean</th>\n",
       "      <td>60.000000</td>\n",
       "      <td>1.000006</td>\n",
       "      <td>0.949989</td>\n",
       "      <td>-0.000024</td>\n",
       "      <td>0.0</td>\n",
       "    </tr>\n",
       "    <tr>\n",
       "      <th>std</th>\n",
       "      <td>0.001001</td>\n",
       "      <td>0.001503</td>\n",
       "      <td>0.001492</td>\n",
       "      <td>0.001503</td>\n",
       "      <td>0.0</td>\n",
       "    </tr>\n",
       "    <tr>\n",
       "      <th>min</th>\n",
       "      <td>59.995498</td>\n",
       "      <td>0.993688</td>\n",
       "      <td>0.943928</td>\n",
       "      <td>-0.006606</td>\n",
       "      <td>0.0</td>\n",
       "    </tr>\n",
       "    <tr>\n",
       "      <th>25%</th>\n",
       "      <td>59.999325</td>\n",
       "      <td>0.998998</td>\n",
       "      <td>0.948986</td>\n",
       "      <td>-0.001036</td>\n",
       "      <td>0.0</td>\n",
       "    </tr>\n",
       "    <tr>\n",
       "      <th>50%</th>\n",
       "      <td>59.999992</td>\n",
       "      <td>1.000003</td>\n",
       "      <td>0.949992</td>\n",
       "      <td>-0.000031</td>\n",
       "      <td>0.0</td>\n",
       "    </tr>\n",
       "    <tr>\n",
       "      <th>75%</th>\n",
       "      <td>60.000665</td>\n",
       "      <td>1.001026</td>\n",
       "      <td>0.951004</td>\n",
       "      <td>0.001000</td>\n",
       "      <td>0.0</td>\n",
       "    </tr>\n",
       "    <tr>\n",
       "      <th>max</th>\n",
       "      <td>60.003868</td>\n",
       "      <td>1.005905</td>\n",
       "      <td>0.955494</td>\n",
       "      <td>0.005474</td>\n",
       "      <td>0.0</td>\n",
       "    </tr>\n",
       "  </tbody>\n",
       "</table>\n",
       "</div>"
      ],
      "text/plain": [
       "          frequency       voltage       current   phase_angle    label\n",
       "count  12000.000000  12000.000000  12000.000000  12000.000000  12000.0\n",
       "mean      60.000000      1.000006      0.949989     -0.000024      0.0\n",
       "std        0.001001      0.001503      0.001492      0.001503      0.0\n",
       "min       59.995498      0.993688      0.943928     -0.006606      0.0\n",
       "25%       59.999325      0.998998      0.948986     -0.001036      0.0\n",
       "50%       59.999992      1.000003      0.949992     -0.000031      0.0\n",
       "75%       60.000665      1.001026      0.951004      0.001000      0.0\n",
       "max       60.003868      1.005905      0.955494      0.005474      0.0"
      ]
     },
     "execution_count": 3,
     "metadata": {},
     "output_type": "execute_result"
    }
   ],
   "source": [
    "normal.describe()"
   ]
  },
  {
   "cell_type": "code",
   "execution_count": 4,
   "metadata": {},
   "outputs": [
    {
     "data": {
      "text/html": [
       "<div>\n",
       "<style scoped>\n",
       "    .dataframe tbody tr th:only-of-type {\n",
       "        vertical-align: middle;\n",
       "    }\n",
       "\n",
       "    .dataframe tbody tr th {\n",
       "        vertical-align: top;\n",
       "    }\n",
       "\n",
       "    .dataframe thead th {\n",
       "        text-align: right;\n",
       "    }\n",
       "</style>\n",
       "<table border=\"1\" class=\"dataframe\">\n",
       "  <thead>\n",
       "    <tr style=\"text-align: right;\">\n",
       "      <th></th>\n",
       "      <th>frequency</th>\n",
       "      <th>voltage</th>\n",
       "      <th>current</th>\n",
       "      <th>phase_angle</th>\n",
       "      <th>label</th>\n",
       "    </tr>\n",
       "  </thead>\n",
       "  <tbody>\n",
       "    <tr>\n",
       "      <th>count</th>\n",
       "      <td>11650.000000</td>\n",
       "      <td>11645.000000</td>\n",
       "      <td>11645.000000</td>\n",
       "      <td>11644.000000</td>\n",
       "      <td>12000.000000</td>\n",
       "    </tr>\n",
       "    <tr>\n",
       "      <th>mean</th>\n",
       "      <td>59.999880</td>\n",
       "      <td>0.999747</td>\n",
       "      <td>0.949987</td>\n",
       "      <td>0.000259</td>\n",
       "      <td>0.005000</td>\n",
       "    </tr>\n",
       "    <tr>\n",
       "      <th>std</th>\n",
       "      <td>0.003142</td>\n",
       "      <td>0.008906</td>\n",
       "      <td>0.001509</td>\n",
       "      <td>0.008887</td>\n",
       "      <td>0.070537</td>\n",
       "    </tr>\n",
       "    <tr>\n",
       "      <th>min</th>\n",
       "      <td>59.904699</td>\n",
       "      <td>0.699213</td>\n",
       "      <td>0.944323</td>\n",
       "      <td>-0.006929</td>\n",
       "      <td>0.000000</td>\n",
       "    </tr>\n",
       "    <tr>\n",
       "      <th>25%</th>\n",
       "      <td>59.999325</td>\n",
       "      <td>0.998985</td>\n",
       "      <td>0.948968</td>\n",
       "      <td>-0.001008</td>\n",
       "      <td>0.000000</td>\n",
       "    </tr>\n",
       "    <tr>\n",
       "      <th>50%</th>\n",
       "      <td>59.999990</td>\n",
       "      <td>0.999988</td>\n",
       "      <td>0.949986</td>\n",
       "      <td>-0.000005</td>\n",
       "      <td>0.000000</td>\n",
       "    </tr>\n",
       "    <tr>\n",
       "      <th>75%</th>\n",
       "      <td>60.000661</td>\n",
       "      <td>1.001017</td>\n",
       "      <td>0.951004</td>\n",
       "      <td>0.001026</td>\n",
       "      <td>0.000000</td>\n",
       "    </tr>\n",
       "    <tr>\n",
       "      <th>max</th>\n",
       "      <td>60.004315</td>\n",
       "      <td>1.005295</td>\n",
       "      <td>0.956996</td>\n",
       "      <td>0.301163</td>\n",
       "      <td>1.000000</td>\n",
       "    </tr>\n",
       "  </tbody>\n",
       "</table>\n",
       "</div>"
      ],
      "text/plain": [
       "          frequency       voltage       current   phase_angle         label\n",
       "count  11650.000000  11645.000000  11645.000000  11644.000000  12000.000000\n",
       "mean      59.999880      0.999747      0.949987      0.000259      0.005000\n",
       "std        0.003142      0.008906      0.001509      0.008887      0.070537\n",
       "min       59.904699      0.699213      0.944323     -0.006929      0.000000\n",
       "25%       59.999325      0.998985      0.948968     -0.001008      0.000000\n",
       "50%       59.999990      0.999988      0.949986     -0.000005      0.000000\n",
       "75%       60.000661      1.001017      0.951004      0.001026      0.000000\n",
       "max       60.004315      1.005295      0.956996      0.301163      1.000000"
      ]
     },
     "execution_count": 4,
     "metadata": {},
     "output_type": "execute_result"
    }
   ],
   "source": [
    "abnormal.describe()"
   ]
  },
  {
   "cell_type": "code",
   "execution_count": null,
   "metadata": {},
   "outputs": [],
   "source": [
    "\n",
    "from scipy.spatial.distance import mahalanobis\n",
    "\n",
    "class BayesianCovariance(object):\n",
    "    def __init__(self, num_features:int):\n",
    "        \n",
    "        self.num_features = num_features\n",
    "        self.means = np.zeros(num_features)  # 평균 벡터 초기화\n",
    "        self.covariance = np.eye(num_features)  # 단위 공분산 행렬로 초기화\n",
    "        self.n_total = 0  # 전체 데이터 개수\n",
    "        \n",
    "    def fit(self, x: np.ndarray):\n",
    "        \"\"\"\n",
    "        초기 정상 데이터를 사용하여 평균 벡터와 공분산 행렬 계산\n",
    "        - normal_data: 정상 데이터 배열 (shape: [num_samples, num_features])\n",
    "        \"\"\"\n",
    "        self.means = np.mean(x, axis=0)\n",
    "        self.covariance = np.cov(x.T)  # 공분산 행렬 계산\n",
    "        self.n_total = x.shape[0]  # 정상 데이터 샘플 개수 저장\n",
    "    \n",
    "    def update_covariance(self, x):\n",
    "        \"\"\"\n",
    "        윈도우 데이터에 기반하여 다변수 평균, 분산 및 임계값 업데이트\n",
    "        - window_data: 윈도우 내 데이터 배열 (shape: [window_size, num_features])\n",
    "        \"\"\"\n",
    "        n_w = len(x)  # 윈도우 크기\n",
    "        mean_w = np.mean(x, axis=0)  # 윈도우 내 각 특성에 대한 평균\n",
    "        variance_w = np.var(x, axis=0)  # 윈도우 내 각 특성에 대한 분산\n",
    "\n",
    "        if self.n_total > 0:\n",
    "            # 각 특성에 대한 평균 및 분산 업데이트\n",
    "            new_means = (self.n_total * self.means + n_w * mean_w) / (self.n_total + n_w)\n",
    "            new_variances = (\n",
    "                (self.n_total - 1) * self.variances +\n",
    "                (n_w - 1) * variance_w +\n",
    "                (self.n_total * n_w) / (self.n_total + n_w) * (self.means - mean_w) ** 2\n",
    "            ) / (self.n_total + n_w)\n",
    "\n",
    "            # 업데이트\n",
    "            self.means = new_means\n",
    "            self.variances = new_variances\n",
    "        else:\n",
    "            # 첫 윈도우일 경우, 윈도우의 평균과 분산으로 초기화\n",
    "            self.means = mean_w\n",
    "            self.variances = variance_w\n",
    "\n",
    "        # 데이터 개수 업데이트\n",
    "        self.n_total += n_w\n",
    "\n",
    "        # 각 특성에 대해 임계값 동적 업데이트 (평균 + 3 표준편차)\n",
    "        self.thresholds = self.means + 3 * np.sqrt(self.variances)\n",
    "    \n",
    "    def detect(self, x: np.ndarray, threhold=3):\n",
    "        \"\"\"\n",
    "        마할라노비스 거리를 이용한 이상 탐지 수행\n",
    "        \"\"\"\n",
    "        anomalies = []\n",
    "        inv_covariance = np.linalg.inv(self.covariance)  # 공분산 행렬의 역행렬\n",
    "        for i, data_point in enumerate(x):\n",
    "            dist = mahalanobis(data_point, self.means, inv_covariance)  # 마할라노비스 거리 계산\n",
    "            if dist > threhold:  # 임계값 (마할라노비스 거리가 3 이상일 경우 이상으로 간주)\n",
    "                anomalies.append(i)\n",
    "        return anomalies    \n",
    "    "
   ]
  },
  {
   "cell_type": "code",
   "execution_count": 38,
   "metadata": {},
   "outputs": [],
   "source": [
    "import numpy as np\n",
    "from scipy.spatial.distance import mahalanobis\n",
    "\n",
    "class BayesianWindowCovarianceUpdater:\n",
    "    def __init__(self, num_features, threshold=3.0):\n",
    "        \"\"\"\n",
    "        윈도우 단위로 데이터를 처리하고, 변동이 심한 윈도우는 업데이트를 하지 않는 클래스\n",
    "        - num_features: 데이터의 특성 개수\n",
    "        - threshold: 마할라노비스 거리 또는 Z-Score에 기반한 임계값\n",
    "        \"\"\"\n",
    "        self.num_features = num_features\n",
    "        self.n_total = 0  # 전체 데이터 개수\n",
    "        self.mean = np.zeros(num_features)  # 초기 평균\n",
    "        self.covariance = np.eye(num_features)  # 초기 공분산 행렬 (단위 행렬로 초기화)\n",
    "        self.threshold = threshold  # 변동성에 대한 임계값\n",
    "        self.anomaly_flags = []\n",
    "\n",
    "    def update_window(self, window_data):\n",
    "        \"\"\"\n",
    "        윈도우 데이터로 평균과 공분산 행렬을 업데이트, 변동이 크면 업데이트하지 않음\n",
    "        - window_data: 윈도우 내 데이터 배열 (shape: [window_size, num_features])\n",
    "        \"\"\"\n",
    "        window_data = np.asarray(window_data)  # 윈도우 데이터를 numpy 배열로 변환\n",
    "        window_mean = np.mean(window_data, axis=0)  # 윈도우 내 평균 계산\n",
    "        window_cov = np.cov(window_data.T)  # 윈도우 내 공분산 행렬 계산\n",
    "\n",
    "        if self.n_total > 0:\n",
    "            # 윈도우 데이터의 중심화된 벡터\n",
    "            inv_covariance = np.linalg.inv(self.covariance)\n",
    "            \n",
    "            for data_point in window_data:\n",
    "                # 마할라노비스 거리 계산 (변동성 평가)\n",
    "                dist = mahalanobis(data_point, self.mean, inv_covariance)\n",
    "                \n",
    "                # if dist > self.threshold:\n",
    "                #     print(f\"Skipping update due to high variance (Mahalanobis distance: {dist})\")\n",
    "                #     return  # 변동성이 너무 큰 경우 업데이트 중단\n",
    "                            # 변동성이 임계값을 초과하는 경우 이상(True), 그렇지 않으면 정상(False)\n",
    "                            \n",
    "                if dist > self.threshold:\n",
    "                    self.anomaly_flags.append(True)\n",
    "                    print(f\"Skipping update due to high variance (Mahalanobis distance: {dist})\")\n",
    "                else:\n",
    "                    self.anomaly_flags.append(False)\n",
    "\n",
    "                # 변동성이 적절한 경우 업데이트 수행\n",
    "                if self.n_total > 0:\n",
    "                    old_mean = self.mean.copy()\n",
    "                    self.mean = (self.n_total * self.mean + len(window_data) * window_mean) / (self.n_total + len(window_data))\n",
    "                    centralized_data = window_data - old_mean\n",
    "\n",
    "                    # 공분산 행렬 업데이트\n",
    "                    self.covariance = ((self.n_total - 1) / self.n_total) * self.covariance + \\\n",
    "                                    np.dot(centralized_data.T, centralized_data) / (self.n_total + len(window_data))\n",
    "                else:\n",
    "                    # 첫 윈도우일 경우 초기화\n",
    "                    self.mean = window_mean\n",
    "                    self.covariance = window_cov\n",
    "                    \n",
    "\n",
    "        # 전체 데이터 개수 업데이트\n",
    "        self.n_total += len(window_data)\n",
    "\n",
    "# 예시: 4개의 특성을 가진 데이터를 윈도우 단위로 처리하는 경우\n",
    "num_features = 4\n",
    "updater = BayesianWindowCovarianceUpdater(num_features=num_features, threshold=3.0)"
   ]
  },
  {
   "cell_type": "code",
   "execution_count": 39,
   "metadata": {},
   "outputs": [],
   "source": [
    "from src.data_handler import handle_missing_values\n",
    "\n",
    "abnormal = handle_missing_values(abnormal)\n",
    "abnormal_select = abnormal[[\"frequency\", \"voltage\", \"current\", \"phase_angle\"]]"
   ]
  },
  {
   "cell_type": "code",
   "execution_count": 40,
   "metadata": {},
   "outputs": [
    {
     "name": "stdout",
     "output_type": "stream",
     "text": [
      "Updated Mean: [0. 0. 0. 0.]\n",
      "Updated Covariance:\n",
      "[[1. 0. 0. 0.]\n",
      " [0. 1. 0. 0.]\n",
      " [0. 0. 1. 0.]\n",
      " [0. 0. 0. 1.]]\n",
      "Skipping update due to high variance (Mahalanobis distance: 60.01500972919429)\n",
      "Skipping update due to high variance (Mahalanobis distance: 30.00783538231462)\n",
      "Skipping update due to high variance (Mahalanobis distance: 15.004237441202031)\n",
      "Skipping update due to high variance (Mahalanobis distance: 7.502107981324811)\n",
      "Skipping update due to high variance (Mahalanobis distance: 3.750475953307717)\n",
      "Updated Mean: [5.99999905e+01 1.00002654e+00 9.50285687e-01 5.67692413e-05]\n",
      "Updated Covariance:\n",
      "[[8.89463997e+02 1.48186887e+01 1.40816109e+01 8.38299003e-04]\n",
      " [1.48186887e+01 6.13392215e-01 2.34697443e-01 1.13007408e-05]\n",
      " [1.40816109e+01 2.34697443e-01 5.89460848e-01 2.21320147e-05]\n",
      " [8.38299003e-04 1.13007408e-05 2.21320147e-05 3.66431030e-01]]\n",
      "Updated Mean: [ 6.00000863e+01  1.00031266e+00  9.49795711e-01 -7.97006203e-05]\n",
      "Updated Covariance:\n",
      "[[5.38923986e+02 8.97859912e+00 8.53201831e+00 5.03334752e-04]\n",
      " [8.97859912e+00 3.71709752e-01 1.42197793e-01 1.47045509e-05]\n",
      " [8.53201831e+00 1.42197793e-01 3.57229630e-01 1.61965025e-05]\n",
      " [5.03334752e-04 1.47045509e-05 1.61965025e-05 2.22075248e-01]]\n",
      "Updated Mean: [ 6.00001236e+01  1.00033133e+00  9.50117618e-01 -1.21227997e-04]\n",
      "Updated Covariance:\n",
      "[[3.85976868e+02 6.43046193e+00 6.11062554e+00 3.58389199e-04]\n",
      " [6.43046193e+00 2.66274821e-01 1.01835271e-01 2.11346974e-05]\n",
      " [6.11062554e+00 1.01835271e-01 2.55911109e-01 1.36902395e-05]\n",
      " [3.58389199e-04 2.11346974e-05 1.36902395e-05 1.59105909e-01]]\n",
      "Updated Mean: [ 6.00000219e+01  1.00002587e+00  9.49953427e-01 -2.58378243e-04]\n",
      "Updated Covariance:\n",
      "[[3.00520725e+02 5.00674139e+00 4.75772077e+00 2.77841990e-04]\n",
      " [5.00674139e+00 2.07364541e-01 7.92974182e-02 1.74788297e-05]\n",
      " [4.75772077e+00 7.92974182e-02 1.99296127e-01 1.23293659e-05]\n",
      " [2.77841990e-04 1.74788297e-05 1.23293659e-05 1.23935302e-01]]\n",
      "Updated Mean: [ 6.00000585e+01  1.00006602e+00  9.49864179e-01 -5.21399883e-05]\n",
      "Updated Covariance:\n",
      "[[2.46004527e+02 4.09848789e+00 3.89464461e+00 2.25812786e-04]\n",
      " [4.09848789e+00 1.69786776e-01 6.49129141e-02 1.74245798e-05]\n",
      " [3.89464461e+00 6.49129141e-02 1.63179605e-01 9.65903956e-06]\n",
      " [2.25812786e-04 1.74245798e-05 9.65903956e-06 1.01491739e-01]]\n",
      "Updated Mean: [ 6.00000537e+01  1.00007997e+00  9.50021968e-01 -8.04772632e-05]\n",
      "Updated Covariance:\n",
      "[[2.08214231e+02 3.46889923e+00 3.29636401e+00 1.99118601e-04]\n",
      " [3.46889923e+00 1.43740446e-01 5.49367840e-02 1.72844023e-05]\n",
      " [3.29636401e+00 5.49367840e-02 1.38149314e-01 1.22061235e-05]\n",
      " [1.99118601e-04 1.72844023e-05 1.22061235e-05 8.59354034e-02]]\n",
      "Updated Mean: [ 6.00000358e+01  9.99711841e-01  9.49907026e-01 -1.54340056e-04]\n",
      "Updated Covariance:\n",
      "[[1.80480969e+02 3.00685763e+00 2.85730106e+00 1.74509232e-04]\n",
      " [3.00685763e+00 1.24629573e-01 4.76252509e-02 1.85249587e-05]\n",
      " [2.85730106e+00 4.76252509e-02 1.19777915e-01 1.40247835e-05]\n",
      " [1.74509232e-04 1.85249587e-05 1.40247835e-05 7.45156142e-02]]\n",
      "Updated Mean: [ 5.99999057e+01  1.00000798e+00  9.49983182e-01 -4.31461480e-05]\n",
      "Updated Covariance:\n",
      "[[1.59263530e+02 2.65336972e+00 2.52139450e+00 1.54284313e-04]\n",
      " [2.65336972e+00 1.10005088e-01 4.20253312e-02 1.38771514e-05]\n",
      " [2.52139450e+00 4.20253312e-02 1.05721573e-01 1.70296114e-05]\n",
      " [1.54284313e-04 1.38771514e-05 1.70296114e-05 6.57776734e-02]]\n",
      "Updated Mean: [6.00000527e+01 1.00005895e+00 9.49872673e-01 6.29875085e-05]\n",
      "Updated Covariance:\n",
      "[[1.42507944e+02 2.37421727e+00 2.25612784e+00 1.39246089e-04]\n",
      " [2.37421727e+00 9.84562274e-02 3.76045704e-02 1.38935639e-05]\n",
      " [2.25612784e+00 3.76045704e-02 9.46262338e-02 1.41592521e-05]\n",
      " [1.39246089e-04 1.38935639e-05 1.41592521e-05 5.88834506e-02]]\n",
      "Updated Mean: [5.99999009e+01 1.00000444e+00 9.49893540e-01 1.28232511e-04]\n",
      "Updated Covariance:\n",
      "[[1.28941157e+02 2.14819102e+00 2.04134279e+00 1.29065262e-04]\n",
      " [2.14819102e+00 8.91083382e-02 3.40244340e-02 1.45569876e-05]\n",
      " [2.04134279e+00 3.40244340e-02 8.56418387e-02 1.79087912e-05]\n",
      " [1.29065262e-04 1.45569876e-05 1.79087912e-05 5.32998164e-02]]\n",
      "Updated Mean: [ 6.00000069e+01  1.00013978e+00  9.49928333e-01 -2.25838633e-04]\n",
      "Updated Covariance:\n",
      "[[1.17732216e+02 1.96144704e+00 1.86388917e+00 1.16650476e-04]\n",
      " [1.96144704e+00 8.13868040e-02 3.10666249e-02 1.15734504e-05]\n",
      " [1.86388917e+00 3.10666249e-02 7.82172020e-02 1.82661147e-05]\n",
      " [1.16650476e-04 1.15734504e-05 1.82661147e-05 4.86853663e-02]]\n",
      "Updated Mean: [6.00001185e+01 9.99776370e-01 9.50007871e-01 6.55009683e-05]\n",
      "Updated Covariance:\n",
      "[[1.08315741e+02 1.80456368e+00 1.71481026e+00 1.07737265e-04]\n",
      " [1.80456368e+00 7.49032498e-02 2.85778481e-02 1.10525258e-05]\n",
      " [1.71481026e+00 2.85778481e-02 7.19796637e-02 1.63680449e-05]\n",
      " [1.07737265e-04 1.10525258e-05 1.63680449e-05 4.48090236e-02]]\n",
      "Updated Mean: [6.00001304e+01 9.99821252e-01 9.49860682e-01 3.26435265e-05]\n",
      "Updated Covariance:\n",
      "[[1.00293695e+02 1.67091433e+00 1.58780952e+00 9.62906658e-05]\n",
      " [1.67091433e+00 6.93721720e-02 2.64634241e-02 1.11436255e-05]\n",
      " [1.58780952e+00 2.64634241e-02 6.66697151e-02 1.40150675e-05]\n",
      " [9.62906658e-05 1.11436255e-05 1.40150675e-05 4.15103667e-02]]\n",
      "Updated Mean: [5.99884815e+01 9.99944731e-01 9.49978659e-01 1.93934396e-04]\n",
      "Updated Covariance:\n",
      "[[9.33834531e+01 1.55567530e+00 1.47829406e+00 1.03250946e-04]\n",
      " [1.55567530e+00 6.46040335e-02 2.46404942e-02 1.18680360e-05]\n",
      " [1.47829406e+00 2.46404942e-02 6.20948515e-02 1.35459543e-05]\n",
      " [1.03250946e-04 1.18680360e-05 1.35459543e-05 3.86627116e-02]]\n",
      "Updated Mean: [ 5.99999944e+01  1.00004111e+00  9.49863922e-01 -2.77267855e-06]\n",
      "Updated Covariance:\n",
      "[[8.73593259e+01 1.45531946e+00 1.38292883e+00 9.61247636e-05]\n",
      " [1.45531946e+00 6.04537254e-02 2.30529490e-02 1.23731064e-05]\n",
      " [1.38292883e+00 2.30529490e-02 5.81036776e-02 1.21795905e-05]\n",
      " [9.61247636e-05 1.23731064e-05 1.21795905e-05 3.61856525e-02]]\n",
      "Updated Mean: [5.99999812e+01 9.99970056e-01 9.49995172e-01 3.88163554e-05]\n",
      "Updated Covariance:\n",
      "[[8.20651622e+01 1.36712548e+00 1.29912035e+00 8.83927279e-05]\n",
      " [1.36712548e+00 5.68073245e-02 2.16547614e-02 1.16414165e-05]\n",
      " [1.29912035e+00 2.16547614e-02 5.45977536e-02 1.15616061e-05]\n",
      " [8.83927279e-05 1.16414165e-05 1.15616061e-05 3.40120332e-02]]\n",
      "Updated Mean: [5.99998274e+01 9.99967755e-01 9.49830051e-01 9.44835627e-05]\n",
      "Updated Covariance:\n",
      "[[7.73759274e+01 1.28900649e+00 1.22488760e+00 8.33244933e-05]\n",
      " [1.28900649e+00 5.35766561e-02 2.04168130e-02 9.95695742e-06]\n",
      " [1.22488760e+00 2.04168130e-02 5.14933136e-02 1.26270315e-05]\n",
      " [8.33244933e-05 9.95695742e-06 1.26270315e-05 3.20844032e-02]]\n",
      "Updated Mean: [ 6.00000900e+01  9.99915229e-01  9.50185862e-01 -4.25970546e-05]\n",
      "Updated Covariance:\n",
      "[[7.31935554e+01 1.21933064e+00 1.15867853e+00 7.89292346e-05]\n",
      " [1.21933064e+00 5.06985134e-02 1.93157837e-02 8.28666714e-06]\n",
      " [1.15867853e+00 1.93157837e-02 4.87269794e-02 1.19301674e-05]\n",
      " [7.89292346e-05 8.28666714e-06 1.19301674e-05 3.03638583e-02]]\n",
      "Updated Mean: [ 5.99998612e+01  1.00005872e+00  9.50198438e-01 -1.91932834e-04]\n",
      "Updated Covariance:\n",
      "[[6.94400877e+01 1.15680117e+00 1.09926069e+00 7.35886603e-05]\n",
      " [1.15680117e+00 4.81124371e-02 1.83272945e-02 8.77661190e-06]\n",
      " [1.09926069e+00 1.83272945e-02 4.62413893e-02 1.12964897e-05]\n",
      " [7.35886603e-05 8.77661190e-06 1.12964897e-05 2.88188658e-02]]\n",
      "Updated Mean: [6.00001566e+01 1.00016590e+00 9.49872663e-01 2.48145346e-02]\n",
      "Updated Covariance:\n",
      "[[ 6.60527714e+01  1.10037231e+00  1.04563786e+00  1.03704305e-04]\n",
      " [ 1.10037231e+00  4.57777937e-02  1.74313850e-02  4.98623154e-05]\n",
      " [ 1.04563786e+00  1.74313850e-02  4.39980820e-02 -1.40996483e-04]\n",
      " [ 1.03704305e-04  4.98623154e-05 -1.40996483e-04  6.58245337e-02]]\n",
      "Updated Mean: [5.99999415e+01 1.00007907e+00 9.49889642e-01 3.10415336e-04]\n",
      "Updated Covariance:\n",
      "[[ 6.29805274e+01  1.04919265e+00  9.97003885e-01  1.01324066e-04]\n",
      " [ 1.04919265e+00  4.36604623e-02  1.66200876e-02  4.81445382e-05]\n",
      " [ 9.97003885e-01  1.66200876e-02  4.19631105e-02 -1.33342719e-04]\n",
      " [ 1.01324066e-04  4.81445382e-05 -1.33342719e-04  6.30725781e-02]]\n",
      "Updated Mean: [5.99998711e+01 1.00005522e+00 9.50017215e-01 9.16780900e-05]\n",
      "Updated Covariance:\n",
      "[[ 6.01813513e+01  1.00256104e+00  9.52693276e-01  9.65364715e-05]\n",
      " [ 1.00256104e+00  4.17287743e-02  1.58816845e-02  4.58399886e-05]\n",
      " [ 9.52693276e-01  1.58816845e-02  4.01114303e-02 -1.27227671e-04]\n",
      " [ 9.65364715e-05  4.58399886e-05 -1.27227671e-04  6.02801510e-02]]\n",
      "Updated Mean: [6.00000936e+01 9.99988343e-01 9.49812997e-01 4.61224983e-05]\n",
      "Updated Covariance:\n",
      "[[ 5.76203871e+01  9.59897859e-01  9.12153729e-01  9.12637295e-05]\n",
      " [ 9.59897859e-01  3.99641881e-02  1.52063960e-02  4.47623213e-05]\n",
      " [ 9.12153729e-01  1.52063960e-02  3.84167904e-02 -1.21275469e-04]\n",
      " [ 9.12637295e-05  4.47623213e-05 -1.21275469e-04  5.77261049e-02]]\n",
      "Updated Mean: [6.00000134e+01 1.00029035e+00 9.49816213e-01 7.79757053e-05]\n",
      "Updated Covariance:\n",
      "[[ 5.52684719e+01  9.20716889e-01  8.74921200e-01  8.62174122e-05]\n",
      " [ 9.20716889e-01  3.83437407e-02  1.45858751e-02  4.43188329e-05]\n",
      " [ 8.74921200e-01  1.45858751e-02  3.68617484e-02 -1.16357326e-04]\n",
      " [ 8.62174122e-05  4.43188329e-05 -1.16357326e-04  5.53791293e-02]]\n",
      "Updated Mean: [ 6.00000902e+01  9.99649229e-01  9.50113445e-01 -6.93160661e-05]\n",
      "Updated Covariance:\n",
      "[[ 5.31010144e+01  8.84609026e-01  8.40609385e-01  8.20935614e-05]\n",
      " [ 8.84609026e-01  3.68495284e-02  1.40139571e-02  4.29868684e-05]\n",
      " [ 8.40609385e-01  1.40139571e-02  3.54253878e-02 -1.10993353e-04]\n",
      " [ 8.20935614e-05  4.29868684e-05 -1.10993353e-04  5.32201677e-02]]\n",
      "Updated Mean: [5.99997911e+01 1.00005927e+00 9.49761681e-01 5.54666822e-06]\n",
      "Updated Covariance:\n",
      "[[ 5.10971329e+01  8.51226485e-01  8.08887177e-01  7.84621065e-05]\n",
      " [ 8.51226485e-01  3.54673267e-02  1.34829796e-02  4.06219909e-05]\n",
      " [ 8.08887177e-01  1.34829796e-02  3.41017120e-02 -1.06917613e-04]\n",
      " [ 7.84621065e-05  4.06219909e-05 -1.06917613e-04  5.12209044e-02]]\n",
      "Updated Mean: [6.00000396e+01 9.75569664e-01 9.50018060e-01 1.05154786e-04]\n",
      "Updated Covariance:\n",
      "[[ 4.92389866e+01  8.20268406e-01  7.79473318e-01  7.61352742e-05]\n",
      " [ 8.20268406e-01  6.34101505e-02  1.29626550e-02  3.85845141e-05]\n",
      " [ 7.79473318e-01  1.29626550e-02  3.28729825e-02 -1.03747241e-04]\n",
      " [ 7.61352742e-05  3.85845141e-05 -1.03747241e-04  4.93688602e-02]]\n",
      "Updated Mean: [ 5.99998836e+01  9.99686846e-01  9.50114589e-01 -2.91660355e-05]\n",
      "Updated Covariance:\n",
      "[[ 4.75112350e+01  7.91482878e-01  7.52121830e-01  7.42462069e-05]\n",
      " [ 7.91482878e-01  6.14899187e-02  1.25094985e-02  3.47413050e-05]\n",
      " [ 7.52121830e-01  1.25094985e-02  3.17280242e-02 -9.83570147e-05]\n",
      " [ 7.42462069e-05  3.47413050e-05 -9.83570147e-05  4.76455520e-02]]\n",
      "Updated Mean: [6.00000533e+01 1.00016760e+00 9.49912257e-01 6.19156925e-05]\n",
      "Updated Covariance:\n",
      "[[ 4.59006179e+01  7.64651787e-01  7.26625374e-01  7.18811609e-05]\n",
      " [ 7.64651787e-01  5.94147300e-02  1.20855311e-02  3.24742695e-05]\n",
      " [ 7.26625374e-01  1.20855311e-02  3.06611156e-02 -9.44264377e-05]\n",
      " [ 7.18811609e-05  3.24742695e-05 -9.44264377e-05  4.60382411e-02]]\n",
      "Updated Mean: [6.00000554e+01 9.99811070e-01 9.49938717e-01 7.92609538e-05]\n",
      "Updated Covariance:\n",
      "[[ 4.43956146e+01  7.39580125e-01  7.02799573e-01  6.96029591e-05]\n",
      " [ 7.39580125e-01  5.74737845e-02  1.16904296e-02  3.01286523e-05]\n",
      " [ 7.02799573e-01  1.16904296e-02  2.96635928e-02 -9.11103792e-05]\n",
      " [ 6.96029591e-05  3.01286523e-05 -9.11103792e-05  4.45391969e-02]]\n",
      "Updated Mean: [5.99999315e+01 9.99799365e-01 9.49719466e-01 1.09795643e-04]\n",
      "Updated Covariance:\n",
      "[[ 4.29861679e+01  7.16100231e-01  6.80487222e-01  6.63038647e-05]\n",
      " [ 7.16100231e-01  5.56568221e-02  1.13185930e-02  2.98094912e-05]\n",
      " [ 6.80487222e-01  1.13185930e-02  2.87321653e-02 -8.92652264e-05]\n",
      " [ 6.63038647e-05  2.98094912e-05 -8.92652264e-05  4.31322216e-02]]\n",
      "Updated Mean: [6.00001179e+01 9.99987631e-01 9.50003296e-01 1.77644215e-04]\n",
      "Updated Covariance:\n",
      "[[ 4.16634565e+01  6.94065059e-01  6.59548759e-01  6.44281683e-05]\n",
      " [ 6.94065059e-01  5.39525296e-02  1.09692337e-02  2.85508955e-05]\n",
      " [ 6.59548759e-01  1.09692337e-02  2.78569464e-02 -8.67053602e-05]\n",
      " [ 6.44281683e-05  2.85508955e-05 -8.67053602e-05  4.18134364e-02]]\n",
      "Updated Mean: [5.99996753e+01 1.00020613e+00 9.49954813e-01 1.14605188e-04]\n",
      "Updated Covariance:\n",
      "[[ 4.04197136e+01  6.73345532e-01  6.39860055e-01  6.20192037e-05]\n",
      " [ 6.73345532e-01  5.23509557e-02  1.06420355e-02  2.71120467e-05]\n",
      " [ 6.39860055e-01  1.06420355e-02  2.70337664e-02 -8.35816259e-05]\n",
      " [ 6.20192037e-05  2.71120467e-05 -8.35816259e-05  4.05736897e-02]]\n",
      "Updated Mean: [ 5.99999086e+01  9.99916198e-01  9.50047924e-01 -1.05094450e-04]\n",
      "Updated Covariance:\n",
      "[[ 3.92480724e+01  6.53828384e-01  6.21312366e-01  5.97182175e-05]\n",
      " [ 6.53828384e-01  5.08422297e-02  1.03350212e-02  2.43389671e-05]\n",
      " [ 6.21312366e-01  1.03350212e-02  2.62577116e-02 -8.16534592e-05]\n",
      " [ 5.97182175e-05  2.43389671e-05 -8.16534592e-05  3.94064111e-02]]\n",
      "Updated Mean: [ 6.00000115e+01  1.00003712e+00  9.50102467e-01 -1.18698585e-04]\n",
      "Updated Covariance:\n",
      "[[ 3.81424405e+01  6.35409227e-01  6.03810850e-01  5.77900579e-05]\n",
      " [ 6.35409227e-01  4.94180308e-02  1.00430552e-02  2.34103591e-05]\n",
      " [ 6.03810850e-01  1.00430552e-02  2.55249022e-02 -7.86995828e-05]\n",
      " [ 5.77900579e-05  2.34103591e-05 -7.86995828e-05  3.83037851e-02]]\n",
      "Updated Mean: [5.99999956e+01 1.00014473e+00 9.50259101e-01 8.79983103e-05]\n",
      "Updated Covariance:\n",
      "[[ 3.70973924e+01  6.17999582e-01  5.87267196e-01  5.58440305e-05]\n",
      " [ 6.17999582e-01  4.80700415e-02  9.76782045e-03  2.21839253e-05]\n",
      " [ 5.87267196e-01  9.76782045e-03  2.48331453e-02 -7.70750295e-05]\n",
      " [ 5.58440305e-05  2.21839253e-05 -7.70750295e-05  3.72611794e-02]]\n",
      "Updated Mean: [5.99999266e+01 1.00015362e+00 9.50188959e-01 8.42469037e-06]\n",
      "Updated Covariance:\n",
      "[[ 3.61080814e+01  6.01518512e-01  5.71606204e-01  5.38848468e-05]\n",
      " [ 6.01518512e-01  4.67952502e-02  9.50704952e-03  2.11721230e-05]\n",
      " [ 5.71606204e-01  9.50704952e-03  2.41780203e-02 -7.49820630e-05]\n",
      " [ 5.38848468e-05  2.11721230e-05 -7.49820630e-05  3.62731581e-02]]\n",
      "Updated Mean: [6.00001309e+01 1.00029638e+00 9.49926310e-01 3.88326603e-04]\n",
      "Updated Covariance:\n",
      "[[ 3.51701641e+01  5.85893599e-01  5.56758861e-01  5.22093586e-05]\n",
      " [ 5.85893599e-01  4.55866421e-02  9.25963800e-03  2.19371442e-05]\n",
      " [ 5.56758861e-01  9.25963800e-03  2.35571118e-02 -7.34916207e-05]\n",
      " [ 5.22093586e-05  2.19371442e-05 -7.34916207e-05  3.53379303e-02]]\n",
      "Updated Mean: [6.00001695e+01 1.00004780e+00 9.50225503e-01 4.27276288e-05]\n",
      "Updated Covariance:\n",
      "[[ 3.42797371e+01  5.71060121e-01  5.42663041e-01  5.11706151e-05]\n",
      " [ 5.71060121e-01  4.44382270e-02  9.02556769e-03  2.17219187e-05]\n",
      " [ 5.42663041e-01  9.02556769e-03  2.29684103e-02 -7.19219813e-05]\n",
      " [ 5.11706151e-05  2.17219187e-05 -7.19219813e-05  3.44497125e-02]]\n",
      "Updated Mean: [ 5.99999352e+01  1.00012972e+00  9.49787985e-01 -2.03014331e-04]\n",
      "Updated Covariance:\n",
      "[[ 3.34332837e+01  5.56958059e-01  5.29263283e-01  4.96679191e-05]\n",
      " [ 5.56958059e-01  4.33453768e-02  8.80293677e-03  2.14749794e-05]\n",
      " [ 5.29263283e-01  8.80293677e-03  2.24081654e-02 -6.99567454e-05]\n",
      " [ 4.96679191e-05  2.14749794e-05 -6.99567454e-05  3.36057628e-02]]\n",
      "Updated Mean: [ 5.99999820e+01  1.00012999e+00  9.49811881e-01 -1.59102752e-04]\n",
      "Updated Covariance:\n",
      "[[ 3.26276241e+01  5.43536958e-01  5.16508935e-01  4.89768423e-05]\n",
      " [ 5.43536958e-01  4.23057629e-02  8.59052554e-03  2.15518484e-05]\n",
      " [ 5.16508935e-01  8.59052554e-03  2.18740453e-02 -6.79535149e-05]\n",
      " [ 4.89768423e-05  2.15518484e-05 -6.79535149e-05  3.28007308e-02]]\n",
      "Updated Mean: [6.00001494e+01 1.00012131e+00 9.49964871e-01 1.27016691e-04]\n",
      "Updated Covariance:\n",
      "[[ 3.18598781e+01  5.30746864e-01  5.04354935e-01  4.79593022e-05]\n",
      " [ 5.30746864e-01  4.13158501e-02  8.38859365e-03  2.20200068e-05]\n",
      " [ 5.04354935e-01  8.38859365e-03  2.13666802e-02 -6.65193499e-05]\n",
      " [ 4.79593022e-05  2.20200068e-05 -6.65193499e-05  3.20365478e-02]]\n",
      "Updated Mean: [ 6.00000805e+01  1.00035173e+00  9.50093915e-01 -1.14803258e-04]\n",
      "Updated Covariance:\n",
      "[[ 3.11274321e+01  5.18544925e-01  4.92759945e-01  4.62895108e-05]\n",
      " [ 5.18544925e-01  4.03736509e-02  8.19515312e-03  2.16658754e-05]\n",
      " [ 4.92759945e-01  8.19515312e-03  2.08805887e-02 -6.43285158e-05]\n",
      " [ 4.62895108e-05  2.16658754e-05 -6.43285158e-05  3.13050857e-02]]\n",
      "Updated Mean: [ 5.99999659e+01  1.00004901e+00  9.50011211e-01 -1.65194810e-05]\n",
      "Updated Covariance:\n",
      "[[ 3.04279059e+01  5.06891840e-01  4.81685920e-01  4.50997235e-05]\n",
      " [ 5.06891840e-01  3.94725515e-02  8.01087580e-03  2.15395687e-05]\n",
      " [ 4.81685920e-01  8.01087580e-03  2.04184314e-02 -6.28607595e-05]\n",
      " [ 4.50997235e-05  2.15395687e-05 -6.28607595e-05  3.06073263e-02]]\n",
      "Updated Mean: [ 5.99999804e+01  9.99902630e-01  9.50008342e-01 -6.80110026e-05]\n",
      "Updated Covariance:\n",
      "[[ 2.97591286e+01  4.95750971e-01  4.71099448e-01  4.37136196e-05]\n",
      " [ 4.95750971e-01  3.86109758e-02  7.83439854e-03  2.18829447e-05]\n",
      " [ 4.71099448e-01  7.83439854e-03  1.99754081e-02 -6.16448178e-05]\n",
      " [ 4.37136196e-05  2.18829447e-05 -6.16448178e-05  2.99403552e-02]]\n",
      "Updated Mean: [5.99999176e+01 1.00009930e+00 9.49999751e-01 3.18420853e-05]\n",
      "Updated Covariance:\n",
      "[[ 2.91191176e+01  4.85088323e-01  4.60966878e-01  4.24095040e-05]\n",
      " [ 4.85088323e-01  3.77874728e-02  7.66657085e-03  2.10526433e-05]\n",
      " [ 4.60966878e-01  7.66657085e-03  1.95505396e-02 -5.96681269e-05]\n",
      " [ 4.24095040e-05  2.10526433e-05 -5.96681269e-05  2.93035449e-02]]\n",
      "Updated Mean: [5.99999482e+01 1.00000558e+00 9.49982664e-01 2.47892009e-05]\n",
      "Updated Covariance:\n",
      "[[ 2.85060549e+01  4.74875605e-01  4.51262174e-01  4.18233076e-05]\n",
      " [ 4.74875605e-01  3.69963061e-02  7.50540339e-03  2.06404920e-05]\n",
      " [ 4.51262174e-01  7.50540339e-03  1.91454098e-02 -5.80857057e-05]\n",
      " [ 4.18233076e-05  2.06404920e-05 -5.80857057e-05  2.86914167e-02]]\n",
      "Updated Mean: [ 6.00000613e+01  1.00009840e+00  9.50043144e-01 -2.21948172e-04]\n",
      "Updated Covariance:\n",
      "[[ 2.79182740e+01  4.65084356e-01  4.41957186e-01  4.08191271e-05]\n",
      " [ 4.65084356e-01  3.62389626e-02  7.35110569e-03  2.01153406e-05]\n",
      " [ 4.41957186e-01  7.35110569e-03  1.87568467e-02 -5.71361875e-05]\n",
      " [ 4.08191271e-05  2.01153406e-05 -5.71361875e-05  2.81050057e-02]]\n",
      "Updated Mean: [ 6.00000146e+01  9.99919939e-01  9.49923288e-01 -1.30561023e-04]\n",
      "Updated Covariance:\n",
      "[[ 2.73542425e+01  4.55688100e-01  4.33028247e-01  3.94511537e-05]\n",
      " [ 4.55688100e-01  3.55119650e-02  7.20234662e-03  2.01987832e-05]\n",
      " [ 4.33028247e-01  7.20234662e-03  1.83828370e-02 -5.61506859e-05]\n",
      " [ 3.94511537e-05  2.01987832e-05 -5.61506859e-05  2.75433463e-02]]\n",
      "Updated Mean: [ 5.99998258e+01  9.99898751e-01  9.50059373e-01 -3.18344779e-04]\n",
      "Updated Covariance:\n",
      "[[ 2.68125500e+01  4.46663875e-01  4.24453231e-01  3.85278576e-05]\n",
      " [ 4.46663875e-01  3.48128846e-02  7.05998811e-03  2.02535417e-05]\n",
      " [ 4.24453231e-01  7.05998811e-03  1.80228807e-02 -5.50601479e-05]\n",
      " [ 3.85278576e-05  2.02535417e-05 -5.50601479e-05  2.70026014e-02]]\n",
      "Updated Mean: [ 5.99999924e+01  9.99965807e-01  9.50137401e-01 -1.18441842e-05]\n",
      "Updated Covariance:\n",
      "[[ 2.62918948e+01  4.37990391e-01  4.16211404e-01  3.73707029e-05]\n",
      " [ 4.37990391e-01  3.41416176e-02  6.92295336e-03  2.01729985e-05]\n",
      " [ 4.16211404e-01  6.92295336e-03  1.76773661e-02 -5.35715323e-05]\n",
      " [ 3.73707029e-05  2.01729985e-05 -5.35715323e-05  2.64837363e-02]]\n",
      "Updated Mean: [ 5.99999643e+01  9.99935677e-01  9.50381807e-01 -1.65353363e-04]\n",
      "Updated Covariance:\n",
      "[[ 2.57910745e+01  4.29647069e-01  4.08283236e-01  3.63439652e-05]\n",
      " [ 4.29647069e-01  3.34957515e-02  6.79098607e-03  1.94579033e-05]\n",
      " [ 4.08283236e-01  6.79098607e-03  1.73460058e-02 -5.23785779e-05]\n",
      " [ 3.63439652e-05  1.94579033e-05 -5.23785779e-05  2.59845152e-02]]\n",
      "Updated Mean: [5.99999592e+01 1.00000222e+00 9.50163323e-01 1.60752371e-05]\n",
      "Updated Covariance:\n",
      "[[ 2.53089768e+01  4.21615721e-01  4.00650853e-01  3.57097226e-05]\n",
      " [ 4.21615721e-01  3.28755827e-02  6.66361311e-03  1.89354182e-05]\n",
      " [ 4.00650853e-01  6.66361311e-03  1.70266769e-02 -5.09308858e-05]\n",
      " [ 3.57097226e-05  1.89354182e-05 -5.09308858e-05  2.55033094e-02]]\n",
      "Updated Mean: [5.99999661e+01 9.99775263e-01 9.49888945e-01 1.03002552e-04]\n",
      "Updated Covariance:\n",
      "[[ 2.48445715e+01  4.13879093e-01  3.93299085e-01  3.49338265e-05]\n",
      " [ 4.13879093e-01  3.22765342e-02  6.54155935e-03  1.86241414e-05]\n",
      " [ 3.93299085e-01  6.54155935e-03  1.67179731e-02 -5.01626813e-05]\n",
      " [ 3.49338265e-05  1.86241414e-05 -5.01626813e-05  2.50396090e-02]]\n",
      "Updated Mean: [6.00000363e+01 9.99816712e-01 9.49936752e-01 8.59197053e-05]\n",
      "Updated Covariance:\n",
      "[[ 2.43969022e+01  4.06421559e-01  3.86212343e-01  3.43246695e-05]\n",
      " [ 4.06421559e-01  3.16989156e-02  6.42348911e-03  1.81089214e-05]\n",
      " [ 3.86212343e-01  6.42348911e-03  1.64213902e-02 -4.93053879e-05]\n",
      " [ 3.43246695e-05  1.81089214e-05 -4.93053879e-05  2.45924777e-02]]\n",
